0.0
0.0
0.0
0.0
0.0
0.0
0.0
0.0
0.0
0.0
0.0
0.0
0.0
0.0
0.0
0.0
0.0
0.0
0.0
0.0
0.0
0.0
0.0
0.0
0.0
0.0
0.0
0.0
0.0
0.0
0.0
0.0
0.0
0.0
0.0
0.0
0.0
0.0
0.0
0.0
0.0
0.0
0.0
0.0
0.0
0.0
0.0
0.0
0.0
0.0
0.0
0.0
0.0
0.0
0.0
0.0
0.0
0.0
0.0
0.0
0.0
0.0
0.0
0.0
0.0
0.0
0.0
0.0
0.0
0.0
0.0
0.0
0.0
0.0
0.0
0.0
0.0
0.0
0.0
0.0
0.0
0.0
0.0
0.0
0.0
0.0
0.0
0.0
0.0
0.0
0.0
0.0
0.0
0.0
0.0
0.0
-0.5400000000000001
13.726174095802856
0.0
0.0
0.0
0.0
6.919224285146939
0.0
0.0
0.0
0.0
0.0
0.0
0.0
0.0
0.0
0.0
0.0
0.0
0.0
0.0
0.0
0.0
0.0
-0.5400000000000001
-0.5111618412556327
12.402095519201227
-0.5400000000000001
-0.5400000000000001
-0.5716054336849797
0.0
0.0
0.0
0.0
0.0
0.0
0.0
0.0
0.0
0.0
0.0
0.0
0.0
0.0
0.0
0.0
0.0
0.0
5.15056159303634
0.0
0.0
0.0
0.0
0.0
2.851654553378916
0.0
0.0
0.0
0.0
0.0
5.208093512614806
0.0
0.0
0.0
0.0
0.0
3.032614110658841
0.0
0.0
0.0
0.0
0.0
-1.1400000000000001
-0.6700000000000002
-0.5400000000000001
-0.5400000000000001
-0.5400000000000001
9.695283274492223
1.8482044909056596
0.0
0.0
0.0
0.0
0.0
7.638352570263314
0.0
0.0
0.0
0.0
0.0
0.7248579984961285
0.0
0.0
0.0
0.0
0.0
-0.2700000000000001
13.179480081258296
0.0
0.0
0.0
0.0
11.22298815225965
0.0
0.0
0.0
0.0
0.0
1.2759866914241496
0.0
0.0
0.0
0.0
0.0
0.0
0.0
0.0
0.0
0.0
0.0
12.538790722579282
0.0
0.0
0.0
0.0
0.0
6.5680627826542475
0.0
0.0
0.0
0.0
0.0
2.2168202932941887
0.0
0.0
0.0
0.0
0.0
0.0
0.0
0.0
0.0
0.0
0.0
10.411121020512349
0.0
0.0
0.0
0.0
0.0
0.0
0.0
0.0
0.0
0.0
0.0
6.306390123093036
0.0
0.0
0.0
0.0
0.0
0.621158309159741
0.0
0.0
0.0
0.0
0.0
13.080121829200047
0.0
0.0
0.0
0.0
0.0
9.783236755620162
0.0
0.0
0.0
0.0
0.0
13.61018242963505
0.0
0.0
0.0
0.0
0.0
1.9273689472208977
0.0
0.0
0.0
0.0
0.0
-0.2700000000000001
9.917924910655264
0.0
0.0
0.0
0.0
22.66016693884827
0.0
0.0
0.0
0.0
0.0
6.936793518443302
0.0
0.0
0.0
0.0
0.0
0.0
0.0
0.0
0.0
0.0
0.0
-0.1582554103757995
18.392613140314655
0.0
0.0
0.0
0.0
8.988381227737696
0.0
0.0
0.0
0.0
0.0
18.256815051927706
0.0
0.0
0.0
0.0
0.0
0.0
0.0
0.0
0.0
0.0
0.0
19.178108063743274
0.0
0.0
0.0
0.0
0.0
13.88593933556178
0.0
0.0
0.0
0.0
0.0
13.651360837914604
0.0
0.0
0.0
0.0
0.0
6.27105495706502
0.0
0.0
0.0
0.0
0.0
9.223883947044605
0.0
0.0
0.0
0.0
0.0
14.497831764987215
0.0
0.0
0.0
0.0
0.0
19.82343631203269
0.0
0.0
0.0
0.0
0.0
1.020921293974357
0.0
0.0
0.0
0.0
0.0
-0.2700000000000001
-0.08468846219340113
8.185269470203744
0.0
0.0
0.0
11.049084808704231
0.0
0.0
0.0
0.0
0.0
9.357338720894026
0.0
0.0
0.0
0.0
0.0
6.46035953828826
0.0
0.0
0.0
0.0
0.0
-0.07037253072376698
8.73334703808143
0.0
0.0
0.0
0.0
8.582678630857336
0.0
0.0
0.0
0.0
0.0
8.736135695495092
0.0
0.0
0.0
0.0
0.0
7.558153130948057
0.0
0.0
0.0
0.0
0.0
-0.2700000000000001
9.51241579821413
0.0
0.0
0.0
0.0
11.245457704411308
0.0
0.0
0.0
0.0
0.0
13.833785158778863
0.0
0.0
0.0
0.0
0.0
6.078212253579495
0.0
0.0
0.0
0.0
0.0
-0.2700000000000001
10.205607372342676
0.0
0.0
0.0
0.0
12.764066906850362
0.0
0.0
0.0
0.0
0.0
10.347086434775914
0.0
0.0
0.0
0.0
0.0
11.596067569975471
0.0
0.0
0.0
0.0
0.0
6.687104245396984
0.0
0.0
0.0
0.0
0.0
9.767518165411124
0.0
0.0
0.0
0.0
0.0
7.273383215672545
0.0
0.0
0.0
0.0
0.0
1.7133778509835267
0.0
0.0
0.0
0.0
0.0
-0.4
6.494556308259394
0.0
0.0
0.0
0.0
12.763930095001706
0.0
0.0
0.0
0.0
0.0
9.968836466413276
0.0
0.0
0.0
0.0
0.0
7.670071849254105
0.0
0.0
0.0
0.0
0.0
6.04482362608014
0.0
0.0
0.0
0.0
0.0
0.36856201744848405
0.0
0.0
0.0
0.0
0.0
5.853746086433944
0.0
0.0
0.0
0.0
0.0
5.908474145222865
0.0
0.0
0.0
0.0
0.0
5.960127793477407
0.0
0.0
0.0
0.0
0.0
9.60646065572163
0.0
0.0
0.0
0.0
0.0
6.984068406354595
0.0
0.0
0.0
0.0
0.0
5.988158917121618
0.0
0.0
0.0
0.0
0.0
4.277456353525664
0.0
0.0
0.0
0.0
0.0
9.035071122892427
0.0
0.0
0.0
0.0
0.0
5.745814505972243
0.0
0.0
0.0
0.0
0.0
2.0612452029335024
0.0
0.0
0.0
0.0
0.0
8.093871892864954
0.0
0.0
0.0
0.0
0.0
6.966547002002074
0.0
0.0
0.0
0.0
0.0
-0.30000000000000004
-0.30000000000000004
6.3122800843195845
0.0
0.0
0.0
0.3013829165105728
0.0
0.0
0.0
0.0
0.0
-0.008817566512606623
-0.11359262569060662
4.643124371523021
0.0
0.0
0.0
17.17920718382564
0.0
0.0
0.0
0.0
0.0
3.8049364214566963
0.0
0.0
0.0
0.0
0.0
5.514392674231006
0.0
0.0
0.0
0.0
0.0
-0.17122903919780127
-0.2700000000000001
-1.36
4.127846775363373
0.0
0.0
2.088616585514089
0.0
0.0
0.0
0.0
0.0
3.938593882052725
0.0
0.0
0.0
0.0
0.0
2.636850186921907
0.0
0.0
0.0
0.0
0.0
-0.30000000000000004
-0.06278907109912121
5.465863050714646
0.0
0.0
0.0
-0.02719320883705474
4.381170516812905
0.0
0.0
0.0
0.0
12.677566600487307
0.0
0.0
0.0
0.0
0.0
-0.11801643252531308
0.7089005311108278
0.0
0.0
0.0
0.0
-0.08921635967866709
-0.36000000000000004
-0.3674073532785254
-0.12203644893197298
3.791155496468938
0.0
4.750952612218376
0.0
0.0
0.0
0.0
0.0
-0.0023682717676815623
5.335844739699109
0.0
0.0
0.0
0.0
-0.30000000000000004
0.0
0.0
0.0
0.0
0.0
-0.4
-0.022383209139647704
-0.2698144301813037
-0.2112487508437049
-0.25378184756010636
6.611303595166138
8.628589450849091
0.0
0.0
0.0
0.0
0.0
-0.30000000000000004
12.891854700936653
0.0
0.0
0.0
0.0
0.0
0.0
0.0
0.0
0.0
0.0
-0.2700000000000001
-0.2700000000000001
-0.07343999975457649
16.58539596808367
0.0
0.0
4.5454484835519615
0.0
0.0
0.0
0.0
0.0
-0.18212479639134654
3.7157066900730746
0.0
0.0
0.0
0.0
2.123011732535787
0.0
0.0
0.0
0.0
0.0
-0.2700000000000001
-0.2700000000000001
-0.09259101169594461
-0.26709549084668466
2.9575288200407477
0.0
4.63051121821139
0.0
0.0
0.0
0.0
0.0
-0.07105824164435162
1.531038196906654
0.0
0.0
0.0
0.0
0.16957609109816962
0.0
0.0
0.0
0.0
0.0
-0.2700000000000001
-0.2697615037547363
1.7519435596735704
-0.26569245731441526
-0.21693982027093162
-1.1730732819864385
5.543594196449517
0.0
0.0
0.0
0.0
0.0
-0.022254470278525673
2.204262774918571
0.0
0.0
0.0
0.0
1.5721207776477468
0.0
0.0
0.0
0.0
0.0
-0.019155404764550975
-0.018738649132643344
-0.16213512916934167
-0.05443460241707763
2.219939314610227
0.0
2.513186329653106
0.0
0.0
0.0
0.0
0.0
-0.07758939186182892
3.4925467144280997
0.0
0.0
0.0
0.0
0.36484343868815694
0.0
0.0
0.0
0.0
0.0
-0.2625342462000637
-0.2654860409191686
3.3213132486080506
-0.9250742482282894
-0.4255875893273616
-0.2910703086699472
0.49287360454132767
0.0
0.0
0.0
0.0
0.0
-0.2996600978416783
-0.3999725370189501
-6.794915696096693E-4
2.5552745509412054
0.0
0.0
0.5229944822575225
0.0
0.0
0.0
0.0
0.0
1.8394012845791552
-2.025555508921959
-1.4201885472537998
-1.6749993890798185
-1.3822857456530837
-1.9743987710333557
-0.14754696529839248
-0.09398357803260304
-0.31177296892397477
2.233500890142811
-0.3867443132679741
-0.10412976945156734
-0.7777660669336521
-0.719794617825758
-0.8180862402482545
-0.669943066977793
-0.733970654123443
0.8545664656986522
-0.08089265266112683
0.22581925929703564
0.0
0.0
0.0
0.0
-2.3383991785921787
-1.780964436565773
-2.0235773255159937
1.8009378920466081
-2.046605349251295
-1.8718619115326962
-0.028260757787701714
-0.06472923178955262
-0.009150418963952522
0.39675206898164966
-0.15598260871399766
-0.08589628744125305
-0.3880395678192193
-1.3674129287439867
-1.2501987027412198
-1.2430887298613746
-1.2269322610399427
-1.3513361606451646
-0.49063605387349807
-0.2960877889409067
-0.32426315431425207
-0.4364632983407353
0.35288452702816303
-0.32304080981115474
-2.8175584430781724
-1.811768724508873
-2.0166975457598166
-2.088461239938992
2.393995913913201
-1.8415110342210754
0.7547640527483378
-0.1827964402725599
-0.19097231763222253
-0.499212747015076
-0.17074373131981796
-0.40626899357178464
-1.2762975362491389
-1.3439214006991427
-1.2732393343698352
0.7404572765859967
-1.2747408246644558
-1.3625250394071737
-0.31919564791887645
0.14299792969563996
-0.511870406082144
-0.333466216179648
-0.620979912215964
-0.3445863858034826
-1.9960243587655138
-2.044729226983401
2.3669593614442825
-2.0556224824346265
-2.3674297164490627
-2.595832175022303
0.10222981192101346
-0.12166634994245806
-0.15977563104022016
-0.3392261622946942
-0.27900835031202414
-0.16611557360047383
-1.3756300308499838
-1.2496029899691548
-1.1801858030403856
-1.2461676172565874
1.4049062335327507
-1.2255139265527368
-0.3427573581816681
-0.3903548040488754
-0.36077588577457276
-0.3653494953522673
-0.35775149853592625
0.006118020297599719
0.0
0.0
0.0
0.0
0.0
0.0
0.0
0.0
0.0
0.0
0.0
0.0
0.0
0.0
0.0
0.0
0.0
0.0
0.0
0.0
0.0
0.0
0.0
0.0
0.0
0.0
0.0
0.0
0.0
0.0
0.0
0.0
0.0
0.0
0.0
0.0
0.0
0.0
0.0
0.0
0.0
0.0
0.0
0.0
0.0
0.0
0.0
0.0
0.0
0.0
0.0
0.0
0.0
0.0
0.0
0.0
0.0
0.0
0.0
0.0
0.0
0.0
0.0
0.0
0.0
0.0
0.0
0.0
0.0
0.0
0.0
0.0
0.0
0.0
0.0
0.0
0.0
0.0
0.0
0.0
0.0
0.0
0.0
0.0
0.0
0.0
0.0
0.0
0.0
0.0
0.0
0.0
0.0
0.0
0.0
0.0
-1.0697400000000004
13.10978057009318
-0.5400000000000001
-0.5400000000000001
-0.5400000000000001
-0.6794528697421978
10.264369032853399
0.0
0.0
0.0
0.0
0.0
5.652804050469539
0.0
0.0
0.0
0.0
0.0
0.0
0.0
0.0
0.0
0.0
0.0
-0.5400000000000001
-0.5086141387568376
3.34447147399107
-0.5400000000000001
-0.5400000000000001
-0.5695448388812502
5.256777984378687
0.0
0.0
0.0
0.0
0.0
0.8294683827076397
0.0
0.0
0.0
0.0
0.0
0.0
0.0
0.0
0.0
0.0
0.0
7.774476559587624
0.0
0.0
0.0
0.0
0.0
0.0
0.0
0.0
0.0
0.0
0.0
5.796089174630603
0.0
0.0
0.0
0.0
0.0
0.0
0.0
0.0
0.0
0.0
0.0
-0.3508635839006584
-0.1218943410157212
13.56641603524674
0.0
0.0
0.0
6.092858263621094
0.0
0.0
0.0
0.0
0.0
2.1096044308533863
0.0
0.0
0.0
0.0
0.0
0.0
0.0
0.0
0.0
0.0
0.0
7.602787504009183
0.0
0.0
0.0
0.0
0.0
15.763643215219645
0.0
0.0
0.0
0.0
0.0
0.0
0.0
0.0
0.0
0.0
0.0
0.0
0.0
0.0
0.0
0.0
0.0
8.658829999569477
0.0
0.0
0.0
0.0
0.0
7.810455131624877
0.0
0.0
0.0
0.0
0.0
7.557359442995319
0.0
0.0
0.0
0.0
0.0
5.245574588918224
0.0
0.0
0.0
0.0
0.0
22.29150249084849
0.0
0.0
0.0
0.0
0.0
19.927798835688527
0.0
0.0
0.0
0.0
0.0
17.176011970463172
0.0
0.0
0.0
0.0
0.0
2.819201993011265
0.0
0.0
0.0
0.0
0.0
7.60540950338394
0.0
0.0
0.0
0.0
0.0
5.952962172136244
0.0
0.0
0.0
0.0
0.0
17.276038285837156
0.0
0.0
0.0
0.0
0.0
0.35554858349558005
0.0
0.0
0.0
0.0
0.0
7.383100925029151
0.0
0.0
0.0
0.0
0.0
9.210333292046679
0.0
0.0
0.0
0.0
0.0
0.0
0.0
0.0
0.0
0.0
0.0
0.0
0.0
0.0
0.0
0.0
0.0
9.968675780312598
0.0
0.0
0.0
0.0
0.0
12.437814914407749
0.0
0.0
0.0
0.0
0.0
9.620359624840354
0.0
0.0
0.0
0.0
0.0
9.488715824683062
0.0
0.0
0.0
0.0
0.0
-0.4
9.559585395129242
0.0
0.0
0.0
0.0
12.311243191209615
0.0
0.0
0.0
0.0
0.0
-0.30000000000000004
9.98123431580128
0.0
0.0
0.0
0.0
0.0
0.0
0.0
0.0
0.0
0.0
8.701068192687528
0.0
0.0
0.0
0.0
0.0
10.240772851186295
0.0
0.0
0.0
0.0
0.0
7.678198517679794
0.0
0.0
0.0
0.0
0.0
3.315572358350935
0.0
0.0
0.0
0.0
0.0
8.067354928443535
0.0
0.0
0.0
0.0
0.0
7.871557873213936
0.0
0.0
0.0
0.0
0.0
13.913606650926184
0.0
0.0
0.0
0.0
0.0
3.253033608296508
0.0
0.0
0.0
0.0
0.0
8.742767225956266
0.0
0.0
0.0
0.0
0.0
2.672828915284361
0.0
0.0
0.0
0.0
0.0
7.26161481385534
0.0
0.0
0.0
0.0
0.0
6.925439514755271
0.0
0.0
0.0
0.0
0.0
10.744364225936245
0.0
0.0
0.0
0.0
0.0
1.9917100370056802
0.0
0.0
0.0
0.0
0.0
7.913768992745725
0.0
0.0
0.0
0.0
0.0
6.726144420125085
0.0
0.0
0.0
0.0
0.0
-0.05100394683990839
17.59803735548219
0.0
0.0
0.0
0.0
8.354552284937213
0.0
0.0
0.0
0.0
0.0
-0.30000000000000004
-0.30000000000000004
10.33375241212948
0.0
0.0
0.0
0.9381430823704023
0.0
0.0
0.0
0.0
0.0
-0.16396238010468245
4.733823336304781
0.0
0.0
0.0
0.0
3.275220565272992
0.0
0.0
0.0
0.0
0.0
8.641199720755644
0.0
0.0
0.0
0.0
0.0
3.8761522539265583
0.0
0.0
0.0
0.0
0.0
5.98845171148294
0.0
0.0
0.0
0.0
0.0
13.474036546966651
0.0
0.0
0.0
0.0
0.0
6.947095137599284
0.0
0.0
0.0
0.0
0.0
9.097439848076739
0.0
0.0
0.0
0.0
0.0
16.40105872889512
0.0
0.0
0.0
0.0
0.0
10.199590900270458
0.0
0.0
0.0
0.0
0.0
8.085246829912464
0.0
0.0
0.0
0.0
0.0
9.733588750470265
0.0
0.0
0.0
0.0
0.0
-0.36000000000000004
-0.2700000000000001
11.695455161108747
0.0
0.0
0.0
4.424482553727579
0.0
0.0
0.0
0.0
0.0
-0.30000000000000004
11.719363663130876
0.0
0.0
0.0
0.0
0.0
0.0
0.0
0.0
0.0
0.0
-0.2700000000000001
-0.36000000000000004
4.925516966826057
0.0
0.0
0.0
5.247761205744717
0.0
0.0
0.0
0.0
0.0
11.099413100619435
0.0
0.0
0.0
0.0
0.0
7.134088199173937
0.0
0.0
0.0
0.0
0.0
-0.2674251239824789
-0.357379568304918
-0.06727210477845133
-0.2700000000000001
-1.36
6.052711896177867
3.0636858927088886
0.0
0.0
0.0
0.0
0.0
6.518448507396665
0.0
0.0
0.0
0.0
0.0
4.920628895469621
0.0
0.0
0.0
0.0
0.0
-0.05156364356654767
6.790115824838636
0.2188117275736135
0.0
0.0
0.0
10.966686774142952
0.0
0.0
0.0
0.0
0.0
5.66871417111266
0.0
0.0
0.0
0.0
0.0
7.691247510004198
0.0
0.0
0.0
0.0
0.0
2.540840624621102
0.0
0.0
0.0
0.0
0.0
3.715032770219793
0.0
0.0
0.0
0.0
0.0
2.7694950547655073
0.0
0.0
0.0
0.0
0.0
4.512099385692673
0.0
0.0
0.0
0.0
0.0
-0.2700000000000001
-0.36000000000000004
3.5041475789090657
0.0
0.0
0.0
2.082354144888419
0.0
0.0
0.0
0.0
0.0
11.860100341918898
0.0
0.0
0.0
0.0
0.0
2.3867469954345903
0.0
0.0
0.0
0.0
0.0
-0.36000000000000004
-0.16028535913561093
-0.29807976569089256
4.940995374920229
0.0
0.0
3.6062572594959814
0.0
0.0
0.0
0.0
0.0
-0.005491164919059155
3.211756993692887
0.0
0.0
0.0
0.0
3.19757269400041
0.0
0.0
0.0
0.0
0.0
-0.2618875159367753
-0.36000000000000004
-0.5080554628777851
3.7162115587737152
0.0
0.0
6.399513315523728
0.0
0.0
0.0
0.0
0.0
-0.11258014191228899
-0.09475102682181713
-0.2645935184496389
4.160751981731546
0.0
0.0
0.5964327940990708
0.0
0.0
0.0
0.0
0.0
-0.2693517750132065
-0.36000000000000004
-0.07749430172275779
-0.40821032690562
11.250412533263468
0.0
1.7682527355344164
0.0
0.0
0.0
0.0
0.0
-0.019905324285428988
1.495401710892607
0.0
0.0
0.0
0.0
1.2164417064854338
0.0
0.0
0.0
0.0
0.0
-0.4095933381030467
-0.3412566554866243
-0.5849719942390105
2.8558582678336246
-0.3720538455778404
-0.30337273037971313
-0.16004135018265242
-0.002198035112573761
-0.02429975876010494
-0.027138601439833515
1.4325525739016234
0.0
-0.24005350885597326
2.209506381568409
-0.007185331278639877
-0.006466798150775889
-0.005820118335698301
-0.0050600283749664965
-0.13078667970827865
0.3715568936403362
0.0
0.0
0.0
0.0
-0.2700000000000001
-0.2870936987372046
1.80944863718617
-0.26999969612587393
-0.23646081752697476
-0.36000000000000004
-0.0011051907012043485
2.2454371678755844
0.0
0.0
0.0
0.0
-0.30000000000000004
-9.94646063441424E-4
-8.773896978966493E-4
-0.0020492633500462524
-0.0898320339066343
3.8083199805310812
-0.016318677493216034
1.5548469666752762
0.0
0.0
0.0
0.0
-0.38171398558331626
4.459028835600176
-0.3790215384977833
-0.3857512471078343
-0.3759737688418502
-0.2703796547751183
4.4756232341417554
0.0
0.0
0.0
0.0
0.0
-0.12684158448493763
1.7947040754432868
0.0
0.0
0.0
0.0
1.1720408436087228
0.0
0.0
0.0
0.0
0.0
-0.34111271547990607
-0.4896150036391014
-0.5107522146248653
2.1894911036288693
-0.49742001602869806
-0.3223878116544927
1.4892773383416404
0.0
0.0
0.0
0.0
0.0
-0.12348572732285623
-0.10690430515813104
2.492312274269501
0.0
0.0
0.0
1.408695263285863
0.0
0.0
0.0
0.0
0.0
-1.408435865434363
-1.9333633158870416
-1.5812094299678467
-2.128206764182127
0.9194633853098867
-1.8542663749182466
-0.14719959274046523
-0.14595234084829278
-0.14476140674800342
1.4376904441591751
-0.1551267595454934
-0.17837270961581458
-1.0539159794373016
-1.0506701785932864
-1.2989508787001864
0.9464515855292654
-1.1575846053101295
-1.2435206530003255
0.19517817890559425
-0.47039167446334523
-0.2556071778458276
-0.2577960017955267
-0.2506549679525212
-0.3739184524285387
-2.0155712481685866
-2.191619361188695
-2.3274639012292324
2.062129287042755
-2.63420578612742
-2.2083453757882987
2.483924260592773
-0.06657493760680558
-0.07877526304239357
-0.07575571340810024
-0.10034868934668209
-0.05458063154882959
-1.349222324991092
-1.3432647577201189
-1.3051708890582914
1.2251066704872597
-1.5302015217056333
-1.349959279236696
-0.35761399970455165
-0.5314390035118801
0.2781878380689153
-0.33750574966444946
-0.3997130891836435
-0.42881727641821904
-2.043788300968886
-2.406914872647642
-2.1374394747188434
-2.2324122909909705
2.5430832318171372
-2.0663783656965005
-0.22538071671525556
-0.3060916705790447
-0.11716979109463554
-0.42330728709608495
-0.35245274563646417
-0.4960599797192843
-1.407164029694317
-1.4385423591111826
-1.4707473887756082
1.9601033661180502
-1.4252491466965735
-1.5540517642953882
-0.20935347831676376
-0.21087338116108467
-0.2509219472853926
-0.19666735150351805
-0.4727227481387924
-0.29476545813536703
0.3806551420159089
-1.7575177277390637
-1.9562600751389132
-1.7677268885003166
-1.8621533588744943
-1.7037200348256683
-0.0044083828558679206
-0.01830573806805594
0.3286237016606697
0.0
0.0
0.0
-0.8525796272710668
-0.8518996241788206
-0.9386130444154626
-0.8550248790126063
0.7847901208566307
-0.8347296951878278
-0.0645653698547855
-0.3268839420962668
-0.09435310536174216
-0.10544047934920837
-0.06616938891739532
0.4320189062086053
0.0
0.0
0.0
0.0
0.0
0.0
0.0
0.0
0.0
0.0
0.0
0.0
0.0
0.0
0.0
0.0
0.0
0.0
0.0
0.0
0.0
0.0
0.0
0.0
0.0
0.0
0.0
0.0
0.0
0.0
0.0
0.0
0.0
0.0
0.0
0.0
0.0
0.0
0.0
0.0
0.0
0.0
0.0
0.0
0.0
0.0
0.0
0.0
0.0
0.0
0.0
0.0
0.0
0.0
0.0
0.0
0.0
0.0
0.0
0.0
0.0
0.0
0.0
0.0
0.0
0.0
0.0
0.0
0.0
0.0
0.0
0.0
0.0
0.0
0.0
0.0
0.0
0.0
0.0
0.0
0.0
0.0
0.0
0.0
0.0
0.0
0.0
0.0
0.0
0.0
0.0
0.0
0.0
0.0
0.0
0.0
-0.2784950834927441
6.978739350501466
0.0
0.0
0.0
0.0
4.96786827840484
0.0
0.0
0.0
0.0
0.0
0.0
0.0
0.0
0.0
0.0
0.0
0.0
0.0
0.0
0.0
0.0
0.0
-0.8286985645596185
-0.7997400000000002
-1.0554496608600004
6.686789466449356
-0.5400000000000001
-0.9559516237236899
-0.30000000000000004
0.0
0.0
0.0
0.0
0.0
7.132793032982624
0.0
0.0
0.0
0.0
0.0
0.6776342861684275
0.0
0.0
0.0
0.0
0.0
-0.4717674469690703
-0.5400000000000001
3.217283157493118
0.0
0.0
0.0
0.0
0.0
0.0
0.0
0.0
0.0
0.0
0.0
0.0
0.0
0.0
0.0
0.0
0.0
0.0
0.0
0.0
0.0
-0.36000000000000004
-0.1431115372241605
5.9752980469204005
0.0
0.0
0.0
-0.6000000000000001
0.5603585834086465
0.0
0.0
0.0
0.0
0.5455001428014178
0.0
0.0
0.0
0.0
0.0
0.0
0.0
0.0
0.0
0.0
0.0
5.674386614049835
0.0
0.0
0.0
0.0
0.0
1.2825198884765083
0.0
0.0
0.0
0.0
0.0
3.7232525362209645
0.0
0.0
0.0
0.0
0.0
0.263268366770386
0.0
0.0
0.0
0.0
0.0
-0.4
9.022155821931973
0.0
0.0
0.0
0.0
-0.2363742520602736
0.5325632291010687
0.0
0.0
0.0
0.0
12.410661489556357
0.0
0.0
0.0
0.0
0.0
3.87141207275935
0.0
0.0
0.0
0.0
0.0
-0.3160274053542377
4.329866062337905
0.0
0.0
0.0
0.0
0.0
0.0
0.0
0.0
0.0
0.0
3.4494792586229464
0.0
0.0
0.0
0.0
0.0
0.0
0.0
0.0
0.0
0.0
0.0
8.062445282737636
0.0
0.0
0.0
0.0
0.0
1.052976003358269
0.0
0.0
0.0
0.0
0.0
3.5302960368595198
0.0
0.0
0.0
0.0
0.0
0.0
0.0
0.0
0.0
0.0
0.0
-0.2700000000000001
5.543243477143344
0.0
0.0
0.0
0.0
1.9486615990949703
0.0
0.0
0.0
0.0
0.0
3.5122625859538807
0.0
0.0
0.0
0.0
0.0
-0.0573452864907043
0.0
0.0
0.0
0.0
0.0
-0.2700000000000001
-0.2700000000000001
10.673559831182063
0.0
0.0
0.0
0.0
0.0
0.0
0.0
0.0
0.0
10.592531132315596
0.0
0.0
0.0
0.0
0.0
4.02629072785148
0.0
0.0
0.0
0.0
0.0
-0.4
-0.2700000000000001
6.94159979812645
0.0
0.0
0.0
0.5827296774714252
0.0
0.0
0.0
0.0
0.0
-0.30000000000000004
8.137059142480348
0.0
0.0
0.0
0.0
2.7
0.0
0.0
0.0
0.0
0.0
4.800619070653252
0.0
0.0
0.0
0.0
0.0
0.0
0.0
0.0
0.0
0.0
0.0
5.268655276794652
0.0
0.0
0.0
0.0
0.0
0.6863487139655626
0.0
0.0
0.0
0.0
0.0
-0.2700000000000001
8.383285031194617
0.0
0.0
0.0
0.0
8.140176688780699
0.0
0.0
0.0
0.0
0.0
6.669346682232731
0.0
0.0
0.0
0.0
0.0
1.1244450008010198
0.0
0.0
0.0
0.0
0.0
6.224247865913487
0.0
0.0
0.0
0.0
0.0
3.3779511688284587
0.0
0.0
0.0
0.0
0.0
11.496127208397725
0.0
0.0
0.0
0.0
0.0
11.173133067137627
0.0
0.0
0.0
0.0
0.0
-0.2700000000000001
8.479161944109702
0.0
0.0
0.0
0.0
1.3877636541532001
0.0
0.0
0.0
0.0
0.0
12.708453856216797
0.0
0.0
0.0
0.0
0.0
2.2965771691113774
0.0
0.0
0.0
0.0
0.0
8.114027313187616
0.23653877771287754
0.0
0.0
0.0
0.0
0.5666313007482386
0.0
0.0
0.0
0.0
0.0
8.309331271853841
0.0
0.0
0.0
0.0
0.0
3.8092895516738214
0.0
0.0
0.0
0.0
0.0
-0.3141623748374472
-0.2700000000000001
4.840560452651076
0.0
0.0
0.0
5.783019801805963
0.0
0.0
0.0
0.0
0.0
5.194683542243083
0.0
0.0
0.0
0.0
0.0
1.376609740531092
0.0
0.0
0.0
0.0
0.0
5.028540526068775
0.0
0.0
0.0
0.0
0.0
5.022129209882641
0.0
0.0
0.0
0.0
0.0
15.046929415971164
0.0
0.0
0.0
0.0
0.0
6.5208955577972105
0.0
0.0
0.0
0.0
0.0
6.084516725728893
0.0
0.0
0.0
0.0
0.0
0.382975744664136
0.0
0.0
0.0
0.0
0.0
6.212593597515637
0.0
0.0
0.0
0.0
0.0
6.623014586844495
0.0
0.0
0.0
0.0
0.0
4.54475770115671
0.0
0.0
0.0
0.0
0.0
0.0
0.0
0.0
0.0
0.0
0.0
5.282175101219622
0.0
0.0
0.0
0.0
0.0
0.80456953506897
0.0
0.0
0.0
0.0
0.0
4.123401638812153
0.0
0.0
0.0
0.0
0.0
3.2861250042420282
0.0
0.0
0.0
0.0
0.0
4.039892909475343
0.0
0.0
0.0
0.0
0.0
1.8748660453059693
0.0
0.0
0.0
0.0
0.0
4.7901997198974895
0.0
0.0
0.0
0.0
0.0
5.044779131403053
0.0
0.0
0.0
0.0
0.0
4.90926345553936
0.0
0.0
0.0
0.0
0.0
3.6885100580980605
0.0
0.0
0.0
0.0
0.0
3.1439486244259722
0.0
0.0
0.0
0.0
0.0
4.985597914724063
0.0
0.0
0.0
0.0
0.0
3.4444870778101
0.0
0.0
0.0
0.0
0.0
16.011816710449757
0.0
0.0
0.0
0.0
0.0
-0.2700000000000001
-0.21830393387921704
3.7045522486196356
0.0
0.0
0.0
0.6675141273784063
0.0
0.0
0.0
0.0
0.0
-0.2324623228992867
3.563594061288948
0.0
0.0
0.0
0.0
0.0
0.0
0.0
0.0
0.0
0.0
3.4212294281909403
0.0
0.0
0.0
0.0
0.0
2.929842022130996
0.0
0.0
0.0
0.0
0.0
2.2977591017331798
0.0
0.0
0.0
0.0
0.0
1.680606153984007
0.0
0.0
0.0
0.0
0.0
-0.4
-0.2293190788239426
-0.16801225715969076
3.235463142775691
0.0
0.0
4.018167534006896
0.0
0.0
0.0
0.0
0.0
-0.30000000000000004
10.28870131114552
0.0
0.0
0.0
0.0
3.965136878756624
0.0
0.0
0.0
0.0
0.0
-0.2700000000000001
15.984039270448676
-0.36000000000000004
-0.2700000000000001
-0.328139610192122
-0.21608970398223581
7.165459760262949
0.0
0.0
0.0
0.0
0.0
-0.24904528458376257
6.604779384115526
0.0
0.0
0.0
0.0
0.4275315853381253
0.0
0.0
0.0
0.0
0.0
-0.08847106036006071
-0.3243583360402675
1.248554527602992
0.0
0.0
0.0
2.87059949520778
0.0
0.0
0.0
0.0
0.0
-0.1511324591890933
1.0512843360648252
0.0
0.0
0.0
0.0
1.0609897516603544
0.0
0.0
0.0
0.0
0.0
-0.1816360257422878
-0.11052873599611451
3.7486960253087678
0.0
0.0
0.0
3.2520518693822917
0.0
0.0
0.0
0.0
0.0
-0.2614749917638981
-0.012262270533420033
3.250824535930008
0.0
0.0
0.0
0.2344071609742752
0.0
0.0
0.0
0.0
0.0
-0.13402397337400876
-0.2523506860930503
-0.2700000000000001
2.610240657973752
-0.1648785222576757
-0.1781402798870784
4.081615836633454
0.0
0.0
0.0
0.0
0.0
-0.30000000000000004
2.630980006978432
0.0
0.0
0.0
0.0
0.6448045263905846
0.0
0.0
0.0
0.0
0.0
2.550167153093443
-0.07237473325226827
-0.26708738938035836
-0.15597441388176914
-0.06292106374209913
-0.011350444629005807
1.1045819764016958
0.0
0.0
0.0
0.0
0.0
-0.12475152121676392
-0.04169595585883348
2.7913548970431523
0.0
0.0
0.0
1.2893381565912319
0.0
0.0
0.0
0.0
0.0
-0.25456902596398995
-0.329349596567436
1.8538857095418617
-0.2700000000000001
-0.2700000000000001
-0.9546851826654216
1.0268594979389931
0.0
0.0
0.0
0.0
0.0
-0.016636620400124202
-0.028764282417665845
1.9310873239366795
0.0
0.0
0.0
0.007384276053201532
0.0
0.0
0.0
0.0
0.0
0.8935270232883239
-1.2920780499480227
-1.4420257953148512
-1.8823537534252277
-1.9855576290224324
-1.3068493078220416
-0.34407604942340075
0.6410506105574083
-0.10338030574373007
-0.23945916816681795
-0.1345274733600477
-0.07512032616257212
-0.8189708250823972
-0.8131360243115826
-0.7922240948116865
0.6756048747951752
-0.8416734723351934
-0.7971675919395147
-0.029266894392333848
-0.023775880089669504
-0.005860857748138392
0.43515542599573587
0.0
0.0
-2.0649607810464072
-1.5415395364167073
-2.0478877994551894
-1.9623775730690052
1.0456598900362815
-1.5439507817940443
-0.15305519185907143
0.19866774417270355
-0.06226662341351762
-0.02267842573443295
-0.04761766462795115
-0.06380742477497674
-1.1026096574797768
-1.0792593549023541
-1.1608172372971737
-1.0869262798131643
1.5805554598015783
-1.1402098872052127
1.0141641565446562
-0.2963495494340337
-0.3431049819653549
-0.20072395287802205
-0.20007756016008915
-0.3506907322862236
-1.9836590296617338
-2.3027755366711578
-2.006350601855387
-1.981098928009792
2.7254854430966065
-2.119395689976526
-0.28447869793806646
-0.2860471821604559
-0.050106979465039336
0.05794306484965847
-0.019270423970312325
-0.058037325759242975
-0.9690953201574535
-0.9771624406758957
-1.0023044147085203
1.3771016964169598
-0.9667823293514559
-1.1371039328501313
-0.0994252298411009
1.4624346285166956
-0.10645536617668575
-0.0909815815006676
-0.34057680390409867
-0.09677415013828583
-1.3820625044693307
-2.2097238639223082
0.6935255207350157
-1.2865618253113635
-1.6672445285200035
-1.310834775221526
-0.02867611179589701
-0.11491797103347284
-0.06671928613680742
-0.08156614808872474
-0.20909086061122298
-0.06851240217312936
-0.9553903655945544
-0.9812712624687366
-0.9480950884068826
0.6384951924952603
-0.9218200983626961
-0.960789613854105
-0.015208694689782823
-0.04466273739494913
-0.02185101415930872
-0.04669854733278663
-0.058422039909645895
0.019401231482559803
0.0
0.0
0.0
0.0
0.0
0.0
0.0
0.0
0.0
0.0
0.0
0.0
0.0
0.0
0.0
0.0
0.0
0.0
0.0
0.0
0.0
0.0
0.0
0.0
0.0
0.0
0.0
0.0
0.0
0.0
0.0
0.0
0.0
0.0
0.0
0.0
0.0
0.0
0.0
0.0
0.0
0.0
0.0
0.0
0.0
0.0
0.0
0.0
0.0
0.0
0.0
0.0
0.0
0.0
0.0
0.0
0.0
0.0
0.0
0.0
0.0
0.0
0.0
0.0
0.0
0.0
0.0
0.0
0.0
0.0
0.0
0.0
0.0
0.0
0.0
0.0
0.0
0.0
0.0
0.0
0.0
0.0
0.0
0.0
0.0
0.0
0.0
0.0
0.0
0.0
0.0
0.0
0.0
0.0
0.0
0.0
-0.8107797624316689
11.733941562491646
-1.1327220902393804
-0.4269133891835572
-1.2714766480735202
-0.3754463820771366
-0.580317
16.03611265671978
0.0
0.0
0.0
0.0
0.0
0.0
0.0
0.0
0.0
0.0
0.0
0.0
0.0
0.0
0.0
0.0
-0.5400000000000001
-0.18673969795673082
0.9016554111662466
0.0
0.0
0.0
3.7364520252329934
0.0
0.0
0.0
0.0
0.0
4.463897813946797
0.0
0.0
0.0
0.0
0.0
0.0
0.0
0.0
0.0
0.0
0.0
9.183362123324647
0.0
0.0
0.0
0.0
0.0
4.640822768913248
0.0
0.0
0.0
0.0
0.0
4.857370534024492
0.0
0.0
0.0
0.0
0.0
0.0
0.0
0.0
0.0
0.0
0.0
-0.10912122761567296
-0.059017807623370076
-0.26040456582104493
-0.5400000000000001
-0.3770653712863281
9.822983266859007
5.003010776666438
0.0
0.0
0.0
0.0
0.0
0.0
0.0
0.0
0.0
0.0
0.0
0.0
0.0
0.0
0.0
0.0
0.0
15.676291421554438
0.0
0.0
0.0
0.0
0.0
18.466493734149033
0.0
0.0
0.0
0.0
0.0
0.0
0.0
0.0
0.0
0.0
0.0
0.0
0.0
0.0
0.0
0.0
0.0
-0.36000000000000004
11.695526355170713
0.0
0.0
0.0
0.0
16.259333790795232
0.0
0.0
0.0
0.0
0.0
9.558131209431066
0.0
0.0
0.0
0.0
0.0
2.468893838890181
0.0
0.0
0.0
0.0
0.0
-0.2700000000000001
6.635878207860987
0.0
0.0
0.0
0.0
1.2324679213007879
0.0
0.0
0.0
0.0
0.0
7.100224748713057
0.0
0.0
0.0
0.0
0.0
0.0
0.0
0.0
0.0
0.0
0.0
14.612955635236867
0.0
0.0
0.0
0.0
0.0
8.260029828851778
0.0
0.0
0.0
0.0
0.0
13.766030817646163
0.0
0.0
0.0
0.0
0.0
19.176735059295623
0.0
0.0
0.0
0.0
0.0
-0.032104004461675044
-0.2700000000000001
-0.25187091763825437
11.017737951430378
0.0
0.0
12.019243421250147
0.0
0.0
0.0
0.0
0.0
0.817694252103744
0.0
0.0
0.0
0.0
0.0
0.0
0.0
0.0
0.0
0.0
0.0
14.072604109895531
0.0
0.0
0.0
0.0
0.0
11.643299859951489
0.0
0.0
0.0
0.0
0.0
11.752500553235016
0.0
0.0
0.0
0.0
0.0
7.246391231817591
0.0
0.0
0.0
0.0
0.0
7.909671376102423
0.0
0.0
0.0
0.0
0.0
0.8519548555493007
0.0
0.0
0.0
0.0
0.0
7.795563250109968
0.0
0.0
0.0
0.0
0.0
1.067401489499451
0.0
0.0
0.0
0.0
0.0
11.878304490261117
0.0
0.0
0.0
0.0
0.0
8.524831487825406
0.0
0.0
0.0
0.0
0.0
24.304425509802627
0.0
0.0
0.0
0.0
0.0
5.613387110564603
0.0
0.0
0.0
0.0
0.0
-0.2445848959520647
-0.14927745805844894
7.307850081232687
0.0
0.0
0.0
9.380980617164312
0.0
0.0
0.0
0.0
0.0
6.022658278994111
0.0
0.0
0.0
0.0
0.0
1.3170042266350586
0.0
0.0
0.0
0.0
0.0
13.449897465111023
0.0
0.0
0.0
0.0
0.0
9.396784129266614
0.0
0.0
0.0
0.0
0.0
13.383495982977779
0.0
0.0
0.0
0.0
0.0
11.447727925259159
0.0
0.0
0.0
0.0
0.0
17.361106752266142
0.0
0.0
0.0
0.0
0.0
10.646210605022773
0.0
0.0
0.0
0.0
0.0
16.95364346949794
0.0
0.0
0.0
0.0
0.0
6.667758054790906
0.0
0.0
0.0
0.0
0.0
-0.2700000000000001
18.318166671197133
0.0
0.0
0.0
0.0
7.221411879427088
0.0
0.0
0.0
0.0
0.0
12.410479906309153
0.0
0.0
0.0
0.0
0.0
4.925077734660975
0.0
0.0
0.0
0.0
0.0
5.259843013287818
0.0
0.0
0.0
0.0
0.0
5.489716036536508
0.0
0.0
0.0
0.0
0.0
13.465265610471688
0.0
0.0
0.0
0.0
0.0
1.9253597955350081
0.0
0.0
0.0
0.0
0.0
7.283833655935927
0.0
0.0
0.0
0.0
0.0
3.1736397651754897
0.0
0.0
0.0
0.0
0.0
5.516100332445004
0.0
0.0
0.0
0.0
0.0
-0.24434762069744587
6.180291215585934
0.0
0.0
0.0
0.0
-0.2700000000000001
6.761333877815401
0.0
0.0
0.0
0.0
19.68554709554106
0.0
0.0
0.0
0.0
0.0
7.608788496952815
0.0
0.0
0.0
0.0
0.0
6.803166135845022
0.0
0.0
0.0
0.0
0.0
-0.2700000000000001
-0.36000000000000004
7.2262328494764745
0.0
0.0
0.0
0.0
0.0
0.0
0.0
0.0
0.0
13.913202196421576
0.0
0.0
0.0
0.0
0.0
4.607106231785987
0.0
0.0
0.0
0.0
0.0
-0.2700000000000001
-0.2700000000000001
-0.2697432817772936
6.118630212099095
0.0
0.0
5.505078847577719
0.0
0.0
0.0
0.0
0.0
6.28209995035212
0.0
0.0
0.0
0.0
0.0
5.768932983181124
0.0
0.0
0.0
0.0
0.0
-0.4
-0.2693072295931304
5.299452478908478
0.0
0.0
0.0
0.3225644255960183
0.0
0.0
0.0
0.0
0.0
4.980186727207651
0.0
0.0
0.0
0.0
0.0
4.279334043471122
0.0
0.0
0.0
0.0
0.0
-0.2660250203191312
-0.1716137038239026
-0.39056836797001926
7.155760283021353
0.0
0.0
9.46278108351129
0.0
0.0
0.0
0.0
0.0
8.602672772608864
0.0
0.0
0.0
0.0
0.0
7.58516717304014
0.0
0.0
0.0
0.0
0.0
-0.2700000000000001
-0.2700000000000001
-0.1786231743390441
-0.38557377432973594
7.983680793264348
0.0
1.0035220053542828
0.0
0.0
0.0
0.0
0.0
-0.2878254662905327
10.439812774522736
0.0
0.0
0.0
0.0
0.0
0.0
0.0
0.0
0.0
0.0
-0.36000000000000004
-0.11940875707154124
4.012413870234326
0.0
0.0
0.0
3.448190093221522
0.0
0.0
0.0
0.0
0.0
3.062952889294142
0.0
0.0
0.0
0.0
0.0
2.1014028351654015
0.0
0.0
0.0
0.0
0.0
-0.2700000000000001
-0.7607450982315429
-0.2343493354705185
-0.23473740168908583
-0.2700000000000001
2.815071458116645
3.4509382946294638
0.0
0.0
0.0
0.0
0.0
-0.09415166017257728
2.64127547458965
0.0
0.0
0.0
0.0
1.9025347804130188
0.0
0.0
0.0
0.0
0.0
-0.22742655792108749
-0.2589939800256262
5.625310965245231
0.0
0.0
0.0
1.7826220173530603
0.0
0.0
0.0
0.0
0.0
-0.28991575183323937
3.3594069500609676
0.0
0.0
0.0
0.0
1.2760915790870948
0.0
0.0
0.0
0.0
0.0
-0.2700000000000001
-0.04191711902488325
-0.11665056453816486
-0.04542971579278183
4.652584382038116
0.0
14.946897297549906
0.0
0.0
0.0
0.0
0.0
10.949124191361859
0.0
0.0
0.0
0.0
0.0
1.9251170165446962
0.0
0.0
0.0
0.0
0.0
-0.36000000000000004
-0.03560918108424184
-0.2178341945547232
-0.057000516562946864
3.5695844001490697
0.0
1.1906855031740353
0.0
0.0
0.0
0.0
0.0
-0.15748342345453928
0.9764913448293984
0.0
0.0
0.0
0.0
0.30295433081708983
0.0
0.0
0.0
0.0
0.0
-0.12538099640212963
-0.1471708821387931
-0.02886390323863141
-0.284999348247965
2.3110820663878333
0.0
2.3158492245311386
0.0
0.0
0.0
0.0
0.0
2.1113521872024865
0.0
0.0
0.0
0.0
0.0
-0.13655208883713715
2.045019232324661
0.0
0.0
0.0
0.0
-0.30368287852997694
-0.2334775277819342
-0.1567644662075848
1.0200549510755175
-0.2394239975659789
-0.18861345533654908
1.3200767925662387
0.0
0.0
0.0
0.0
0.0
-0.1940801654695659
0.9116338645683792
0.0
0.0
0.0
0.0
0.796266548804255
0.0
0.0
0.0
0.0
0.0
-0.28036133050454937
-0.4907321152899756
-0.6365481417154475
4.100503480405413
-0.2806197671257513
-0.3222419326717297
1.3238446003667843
0.0
0.0
0.0
0.0
0.0
-0.23892480675697564
-0.30000000000000004
-0.21937351921897283
3.6512045590230153
0.0
0.0
0.9348913106658994
0.0
0.0
0.0
0.0
0.0
-1.5555185375385103
-1.9001794602791051
-2.271431116692765
-2.0399743602559566
1.2679720740248137
-2.096552840224868
-0.27773608848617987
-0.07085802277452893
-0.08718484187442563
1.243350800873566
-0.08181933107370379
-0.4448105264396292
-0.8354891478147948
-0.8279238660561868
-0.7822146776155134
0.8909590859329682
-0.738944473266231
-0.7637330187612668
-0.23223993360633854
-0.20808121497031656
-0.06499666604615931
-0.09900940493844414
-0.17953610661223282
0.06730603112258672
-1.79908833694947
0.779078824892995
-2.486688076088734
-1.6281136681312702
-1.6081691396547244
-1.7294501873376231
-0.1959803249348978
-0.039306606307074166
-0.03369355736602526
-0.10375894747422217
-0.36398566029389556
1.4993177680483711
-1.0340472614182539
-1.0258889945043004
-1.1348189899691437
1.245886561026478
-1.1726086189414007
-1.1922220250185984
-0.12632161502662337
-0.10787431218723281
-0.13067402168127568
1.065634375710044
-0.24578892178627088
-0.10429894776414622
-1.3876967047320503
0.18200726090028285
-2.033540001621263
-2.283742047924873
-1.4962444331023788
-1.368071685616337
-0.10160209865781165
-0.06452315810200439
-0.10379383180508672
-0.07800459188088549
0.7950649447190105
-0.11985258553607586
-1.1916299786728648
1.331076171593117
-1.124769892877497
-1.1262240901402856
-1.1171011545819998
-1.1240930643140312
-0.14170080909854443
-0.1251770145743536
-0.20190213475983163
-0.12150170531515153
0.8257377037688522
-0.30638857945762094
-2.1962754947599676
-2.2417372888963527
-1.973759353351637
-1.9219368467101332
1.7395975011307958
-2.825548413136787
-0.09749554637785449
-0.10198031412697899
0.020882822751893702
-0.06514137924728355
-0.2686735223199705
-0.14555890747098432
-1.054100252745428
1.6166941855313073
-1.2760659357283493
-1.352494521192154
-1.3216129444839522
-1.05327167800844
-0.2666778958794994
-0.44670648750631897
-0.34740418928277117
0.19801350254511663
-0.36029901589829916
-0.33580152892807974
